13	35087332,0.5625,1
1951	35087332,0.5625,1
1980	35087381,0.5333333333333333,1
2002	35087332,0.5625,1
2005	35087332,0.5625,1
2009cbs	35087377,0.5357142857142857,1
2010	35087332,0.5625,1
2011	35087377,0.5357142857142857,1
2012	35087332,0.75,1
6	35087332,0.5625,2
6	35087377,0.5357142857142857,2
6292011	35087377,0.5357142857142857,1
a	35087377,0.5714285714285714,3
a	35087332,0.625,3
a	35087345,0.75,3
action	35087381,0.5333333333333333,1
affairs	35087377,0.5357142857142857,1
african	35087332,0.5625,1
agencybbc	35087377,0.5357142857142857,1
agents	35087377,0.6071428571428571,1
ahoussoukouadio	35087332,0.75,1
an	35087381,0.5333333333333333,2
an	35087332,0.5625,2
ancient	35087381,0.5333333333333333,1
and	35087332,0.6875,2
and	35087381,0.6,2
article	35087377,0.5714285714285714,1
articlediplomatic	35087377,0.5357142857142857,1
as	35087332,0.6875,1
assembly	35087377,0.5357142857142857,1
assistant	35087377,0.5714285714285714,1
associationdiplomatic	35087377,0.5357142857142857,1
at	35087377,0.5714285714285714,2
at	35087332,0.625,2
awards	35087377,0.5357142857142857,1
bdi	35087332,0.5625,1
become	35087381,0.5333333333333333,1
been	35087381,0.5333333333333333,1
before	35087377,0.6071428571428571,1
behind	35087377,0.5357142857142857,1
bibliography	35087377,0.5357142857142857,1
bibliographythis	35087377,0.5357142857142857,1
blier	35087332,0.5625,1
born	35087332,0.5625,1
bureau	35087377,0.5714285714285714,1
by	35087332,0.5625,1
capture	35087377,0.5357142857142857,1
casing	35087381,0.5333333333333333,1
cement	35087381,0.5333333333333333,1
christopher	35087377,0.5357142857142857,1
coal	35087381,0.5666666666666667,1
coast	35087332,0.625,1
compressive	35087381,0.5333333333333333,1
council	35087332,0.5625,1
cspandiplomatic	35087377,0.5357142857142857,1
cspands	35087377,0.5357142857142857,1
cspanu	35087377,0.5357142857142857,1
cte	35087332,0.5625,1
cv	35087332,0.5625,1
democratic	35087332,0.625,1
deployments	35087377,0.5357142857142857,1
depth	35087381,0.5333333333333333,1
development	35087381,0.5333333333333333,1
dialogue	35087332,0.5625,1
diplomatic	35087377,0.8571428571428572,1
divoire	35087332,0.5625,1
drilling	35087381,0.5666666666666667,1
dss	35087377,0.6428571428571428,1
dssofficial	35087377,0.5357142857142857,1
en	35087332,0.5625,1
enforcement	35087377,0.5357142857142857,1
engine	35087381,0.5333333333333333,1
equipment	35087381,0.5333333333333333,1
evening	35087377,0.5714285714285714,1
first	35087381,0.5333333333333333,1
flow	35087381,0.5333333333333333,1
following	35087381,0.5333333333333333,1
for	35087332,0.5625,3
for	35087381,0.5333333333333333,3
for	35087377,0.6428571428571428,3
foreign	35087377,0.5357142857142857,1
formation	35087381,0.5333333333333333,1
former	35087332,0.5625,1
france	35087332,0.5625,1
from	35087332,0.6875,1
galleryu	35087377,0.5357142857142857,1
gas	35087381,0.5333333333333333,1
general	35087377,0.5357142857142857,1
global	35087377,0.5357142857142857,1
government	35087332,0.5625,1
governmental	35087377,0.5357142857142857,1
guinea	35087345,1.0,1
harder	35087381,0.5333333333333333,1
has	35087332,0.5625,2
has	35087381,0.5333333333333333,2
he	35087332,0.625,1
helps	35087381,0.5333333333333333,1
henri	35087332,0.5625,1
historyu	35087377,0.5357142857142857,1
homeland	35087377,0.5357142857142857,1
hydraulic	35087381,0.5333333333333333,1
hydroslotted	35087381,0.5333333333333333,1
hydroslotting	35087381,0.5333333333333333,1
in	35087345,0.75,2
in	35087381,0.5666666666666667,2
increasing	35087381,0.5333333333333333,1
industrial	35087381,0.5333333333333333,1
industry	35087332,0.5625,1
information	35087377,0.5714285714285714,1
institutions	35087332,0.5625,1
intensification	35087381,0.5333333333333333,1
internationale	35087332,0.5625,1
involves	35087381,0.5333333333333333,1
is	35087345,0.75,4
is	35087332,0.625,4
is	35087377,0.5357142857142857,4
is	35087381,0.5333333333333333,4
island	35087345,1.0,1
it	35087381,0.5333333333333333,1
ivorian	35087332,0.5625,1
ivory	35087332,0.625,1
jeannot	35087332,0.6875,1
june	35087377,0.5357142857142857,1
justice	35087377,0.5357142857142857,2
justice	35087332,0.5625,2
keeping	35087377,0.5357142857142857,1
kemelom	35087345,0.75,1
kolopom	35087345,0.75,1
komolom	35087345,0.75,1
konan	35087332,0.5625,1
language	35087345,1.0,1
law	35087377,0.5357142857142857,1
leading	35087377,0.5357142857142857,1
leaving	35087332,0.5625,1
led	35087332,0.5625,1
littlepermeable	35087381,0.5333333333333333,1
march	35087332,0.6875,1
member	35087332,0.5625,1
mines	35087381,0.5333333333333333,1
minimize	35087381,0.5333333333333333,1
minister	35087332,0.8125,1
ministre	35087332,0.5625,1
missionsdiplomatic	35087377,0.5357142857142857,1
mobile	35087377,0.5357142857142857,1
mombum	35087345,1.0,1
money	35087377,0.5357142857142857,1
msd1996	35087377,0.5357142857142857,1
new	35087345,0.75,1
news	35087377,0.6071428571428571,1
nomm	35087332,0.5625,1
november	35087332,0.5625,1
observed	35087381,0.5333333333333333,1
of	35087377,0.7857142857142857,3
of	35087381,0.6333333333333333,3
of	35087332,1.0,3
office	35087332,0.5625,2
office	35087377,0.5357142857142857,2
official	35087332,0.5625,1
oil	35087381,0.5333333333333333,1
olympicscbs	35087377,0.5357142857142857,1
on	35087377,0.6071428571428571,2
on	35087345,0.75,2
opening	35087381,0.5333333333333333,1
or	35087381,0.5333333333333333,2
or	35087345,0.75,2
overburden	35087381,0.5333333333333333,1
overview	35087381,0.5333333333333333,1
party	35087332,0.625,1
pdcirda	35087332,0.5625,1
perforation	35087381,0.5666666666666667,1
permeability	35087381,0.5333333333333333,1
photo	35087377,0.5357142857142857,1
pictorial	35087377,0.5357142857142857,1
political	35087332,0.5625,1
politician	35087332,0.5625,1
post	35087377,0.5357142857142857,1
premier	35087332,0.5625,1
presents	35087377,0.5357142857142857,1
presidency	35087332,0.5625,1
president	35087332,0.625,1
pressure	35087381,0.5333333333333333,1
previously	35087332,0.5625,1
prime	35087332,0.625,1
process	35087381,0.5666666666666667,1
produce	35087381,0.5333333333333333,1
product	35087381,0.5333333333333333,1
productive	35087381,0.5333333333333333,1
radio	35087332,0.5625,1
rally	35087332,0.5625,1
reduces	35087381,0.5333333333333333,1
references	35087345,0.75,1
region	35087332,0.5625,1
regional	35087332,0.5625,1
relations	35087332,0.5625,1
rewards	35087377,0.5357142857142857,1
rocks	35087381,0.5333333333333333,1
s	35087377,0.7142857142857143,1
scenescbs	35087377,0.5357142857142857,1
sd342u	35087377,0.5357142857142857,1
secretary	35087377,0.6071428571428571,1
security	35087377,1.0,1
securitys	35087377,0.5714285714285714,1
senate	35087377,0.5714285714285714,1
senates	35087377,0.5357142857142857,1
served	35087332,0.5625,1
service	35087377,0.5357142857142857,1
sheath	35087381,0.5333333333333333,1
since	35087381,0.5666666666666667,2
since	35087332,0.5625,2
slotting	35087381,0.5333333333333333,1
special	35087377,0.6071428571428571,1
spoken	35087345,0.75,1
state	35087377,0.6071428571428571,2
state	35087332,0.5625,2
stimulation	35087381,0.5333333333333333,1
stress	35087381,0.5333333333333333,1
subcmte	35087377,0.5357142857142857,1
sudarso	35087345,0.75,1
surrounding	35087381,0.5333333333333333,1
technology	35087381,0.5666666666666667,1
terroristspamphlet	35087377,0.5357142857142857,1
testifies	35087377,0.6071428571428571,1
that	35087381,0.5333333333333333,1
the	35087332,0.75,3
the	35087381,1.0,3
the	35087377,0.75,3
there	35087381,0.5333333333333333,1
through	35087381,0.5333333333333333,1
times	35087381,0.5333333333333333,1
to	35087377,0.5714285714285714,3
to	35087381,0.5666666666666667,3
to	35087332,0.6875,3
tool	35087381,0.5333333333333333,1
transcriptds	35087377,0.5357142857142857,1
transnew	35087345,0.75,1
tunnel	35087381,0.5333333333333333,1
u	35087377,0.5714285714285714,1
un	35087377,0.5357142857142857,1
under	35087381,0.5333333333333333,1
underground	35087381,0.5333333333333333,1
use	35087381,0.5333333333333333,1
used	35087381,0.5333333333333333,1
valor	35087377,0.5357142857142857,1
warren	35087377,0.5357142857142857,1
was	35087381,0.5333333333333333,2
was	35087332,0.625,2
washington	35087377,0.5357142857142857,1
website	35087332,0.5625,1
websiteu	35087377,0.5357142857142857,1
wellbore	35087381,0.5333333333333333,1
were	35087381,0.5333333333333333,1
west	35087345,0.75,1
when	35087381,0.5333333333333333,1
which	35087381,0.5333333333333333,1
who	35087332,0.5625,1
with	35087332,0.5625,1
yos	35087345,0.75,1
zone	35087381,0.5666666666666667,1
