35087332	coast,2,0.625
35087332	council,1,0.5625
35087332	cte,1,0.5625
35087332	cv,1,0.5625
35087332	democratic,2,0.625
35087332	dialogue,1,0.5625
35087332	divoire,1,0.5625
35087332	en,1,0.5625
35087332	for,1,0.5625
35087332	former,1,0.5625
35087332	france,1,0.5625
35087332	from,3,0.6875
35087332	government,1,0.5625
35087332	has,1,0.5625
35087332	he,2,0.625
35087332	henri,1,0.5625
35087332	industry,1,0.5625
35087332	institutions,1,0.5625
35087332	internationale,1,0.5625
35087332	is,2,0.625
35087332	ivorian,1,0.5625
35087332	ivory,2,0.625
35087332	jeannot,3,0.6875
35087332	justice,1,0.5625
35087332	konan,1,0.5625
35087332	leaving,1,0.5625
35087332	led,1,0.5625
35087332	march,3,0.6875
35087332	member,1,0.5625
35087332	minister,5,0.8125
35087332	ministre,1,0.5625
35087332	nomm,1,0.5625
35087332	november,1,0.5625
35087332	13,1,0.5625
35087332	of,8,1.0
35087332	office,1,0.5625
35087332	official,1,0.5625
35087332	party,2,0.625
35087332	pdcirda,1,0.5625
35087332	political,1,0.5625
35087332	politician,1,0.5625
35087332	premier,1,0.5625
35087332	presidency,1,0.5625
35087332	president,2,0.625
35087332	previously,1,0.5625
35087332	prime,2,0.625
35087332	radio,1,0.5625
35087332	rally,1,0.5625
35087332	region,1,0.5625
35087332	regional,1,0.5625
35087332	relations,1,0.5625
35087332	served,1,0.5625
35087332	since,1,0.5625
35087332	state,1,0.5625
35087332	the,4,0.75
35087332	to,3,0.6875
35087332	was,2,0.625
35087332	website,1,0.5625
35087332	who,1,0.5625
35087332	with,1,0.5625
35087332	1951,1,0.5625
35087332	2002,1,0.5625
35087332	2005,1,0.5625
35087332	2010,1,0.5625
35087332	2012,4,0.75
35087332	6,1,0.5625
35087332	a,2,0.625
35087332	african,1,0.5625
35087332	ahoussoukouadio,4,0.75
35087332	an,1,0.5625
35087332	and,3,0.6875
35087332	as,3,0.6875
35087332	at,2,0.625
35087332	bdi,1,0.5625
35087332	blier,1,0.5625
35087332	born,1,0.5625
35087332	by,1,0.5625
35087345	komolom,1,0.75
35087345	kolopom,1,0.75
35087345	a,1,0.75
35087345	guinea,2,1.0
35087345	kemelom,1,0.75
35087345	island,2,1.0
35087345	is,1,0.75
35087345	in,1,0.75
35087345	yos,1,0.75
35087345	west,1,0.75
35087345	transnew,1,0.75
35087345	sudarso,1,0.75
35087345	spoken,1,0.75
35087345	references,1,0.75
35087345	or,1,0.75
35087345	on,1,0.75
35087345	new,1,0.75
35087345	mombum,2,1.0
35087345	language,2,1.0
35087377	foreign,1,0.5357142857142857
35087377	websiteu,1,0.5357142857142857
35087377	washington,1,0.5357142857142857
35087377	warren,1,0.5357142857142857
35087377	valor,1,0.5357142857142857
35087377	un,1,0.5357142857142857
35087377	u,2,0.5714285714285714
35087377	transcriptds,1,0.5357142857142857
35087377	to,2,0.5714285714285714
35087377	the,7,0.75
35087377	testifies,3,0.6071428571428571
35087377	terroristspamphlet,1,0.5357142857142857
35087377	subcmte,1,0.5357142857142857
35087377	state,3,0.6071428571428571
35087377	special,3,0.6071428571428571
35087377	service,1,0.5357142857142857
35087377	senates,1,0.5357142857142857
35087377	senate,2,0.5714285714285714
35087377	securitys,2,0.5714285714285714
35087377	security,14,1.0
35087377	secretary,3,0.6071428571428571
35087377	sd342u,1,0.5357142857142857
35087377	scenescbs,1,0.5357142857142857
35087377	s,6,0.7142857142857143
35087377	rewards,1,0.5357142857142857
35087377	presents,1,0.5357142857142857
35087377	post,1,0.5357142857142857
35087377	pictorial,1,0.5357142857142857
35087377	photo,1,0.5357142857142857
35087377	on,3,0.6071428571428571
35087377	olympicscbs,1,0.5357142857142857
35087377	office,1,0.5357142857142857
35087377	of,8,0.7857142857142857
35087377	news,3,0.6071428571428571
35087377	msd1996,1,0.5357142857142857
35087377	money,1,0.5357142857142857
35087377	mobile,1,0.5357142857142857
35087377	missionsdiplomatic,1,0.5357142857142857
35087377	leading,1,0.5357142857142857
35087377	law,1,0.5357142857142857
35087377	keeping,1,0.5357142857142857
35087377	justice,1,0.5357142857142857
35087377	june,1,0.5357142857142857
35087377	is,1,0.5357142857142857
35087377	information,2,0.5714285714285714
35087377	homeland,1,0.5357142857142857
35087377	historyu,1,0.5357142857142857
35087377	governmental,1,0.5357142857142857
35087377	global,1,0.5357142857142857
35087377	general,1,0.5357142857142857
35087377	galleryu,1,0.5357142857142857
35087377	for,4,0.6428571428571428
35087377	evening,2,0.5714285714285714
35087377	enforcement,1,0.5357142857142857
35087377	dssofficial,1,0.5357142857142857
35087377	dss,4,0.6428571428571428
35087377	diplomatic,10,0.8571428571428572
35087377	deployments,1,0.5357142857142857
35087377	cspanu,1,0.5357142857142857
35087377	cspands,1,0.5357142857142857
35087377	cspandiplomatic,1,0.5357142857142857
35087377	christopher,1,0.5357142857142857
35087377	capture,1,0.5357142857142857
35087377	bureau,2,0.5714285714285714
35087377	bibliographythis,1,0.5357142857142857
35087377	bibliography,1,0.5357142857142857
35087377	behind,1,0.5357142857142857
35087377	before,3,0.6071428571428571
35087377	awards,1,0.5357142857142857
35087377	at,2,0.5714285714285714
35087377	associationdiplomatic,1,0.5357142857142857
35087377	assistant,2,0.5714285714285714
35087377	assembly,1,0.5357142857142857
35087377	articlediplomatic,1,0.5357142857142857
35087377	article,2,0.5714285714285714
35087377	agents,3,0.6071428571428571
35087377	agencybbc,1,0.5357142857142857
35087377	affairs,1,0.5357142857142857
35087377	a,2,0.5714285714285714
35087377	6292011,1,0.5357142857142857
35087377	6,1,0.5357142857142857
35087377	2011,1,0.5357142857142857
35087377	2009cbs,1,0.5357142857142857
35087381	1980,1,0.5333333333333333
35087381	action,1,0.5333333333333333
35087381	an,1,0.5333333333333333
35087381	ancient,1,0.5333333333333333
35087381	and,3,0.6
35087381	become,1,0.5333333333333333
35087381	been,1,0.5333333333333333
35087381	casing,1,0.5333333333333333
35087381	cement,1,0.5333333333333333
35087381	coal,2,0.5666666666666667
35087381	compressive,1,0.5333333333333333
35087381	depth,1,0.5333333333333333
35087381	development,1,0.5333333333333333
35087381	drilling,2,0.5666666666666667
35087381	engine,1,0.5333333333333333
35087381	equipment,1,0.5333333333333333
35087381	first,1,0.5333333333333333
35087381	flow,1,0.5333333333333333
35087381	following,1,0.5333333333333333
35087381	for,1,0.5333333333333333
35087381	formation,1,0.5333333333333333
35087381	gas,1,0.5333333333333333
35087381	harder,1,0.5333333333333333
35087381	has,1,0.5333333333333333
35087381	helps,1,0.5333333333333333
35087381	hydraulic,1,0.5333333333333333
35087381	hydroslotted,1,0.5333333333333333
35087381	hydroslotting,1,0.5333333333333333
35087381	in,2,0.5666666666666667
35087381	increasing,1,0.5333333333333333
35087381	industrial,1,0.5333333333333333
35087381	intensification,1,0.5333333333333333
35087381	involves,1,0.5333333333333333
35087381	is,1,0.5333333333333333
35087381	it,1,0.5333333333333333
35087381	littlepermeable,1,0.5333333333333333
35087381	mines,1,0.5333333333333333
35087381	minimize,1,0.5333333333333333
35087381	observed,1,0.5333333333333333
35087381	of,4,0.6333333333333333
35087381	oil,1,0.5333333333333333
35087381	opening,1,0.5333333333333333
35087381	or,1,0.5333333333333333
35087381	overburden,1,0.5333333333333333
35087381	overview,1,0.5333333333333333
35087381	perforation,2,0.5666666666666667
35087381	permeability,1,0.5333333333333333
35087381	pressure,1,0.5333333333333333
35087381	process,2,0.5666666666666667
35087381	produce,1,0.5333333333333333
35087381	product,1,0.5333333333333333
35087381	productive,1,0.5333333333333333
35087381	reduces,1,0.5333333333333333
35087381	rocks,1,0.5333333333333333
35087381	sheath,1,0.5333333333333333
35087381	since,2,0.5666666666666667
35087381	slotting,1,0.5333333333333333
35087381	stimulation,1,0.5333333333333333
35087381	stress,1,0.5333333333333333
35087381	surrounding,1,0.5333333333333333
35087381	technology,2,0.5666666666666667
35087381	that,1,0.5333333333333333
35087381	the,15,1.0
35087381	there,1,0.5333333333333333
35087381	through,1,0.5333333333333333
35087381	times,1,0.5333333333333333
35087381	to,2,0.5666666666666667
35087381	tool,1,0.5333333333333333
35087381	tunnel,1,0.5333333333333333
35087381	under,1,0.5333333333333333
35087381	underground,1,0.5333333333333333
35087381	use,1,0.5333333333333333
35087381	used,1,0.5333333333333333
35087381	was,1,0.5333333333333333
35087381	wellbore,1,0.5333333333333333
35087381	were,1,0.5333333333333333
35087381	when,1,0.5333333333333333
35087381	which,1,0.5333333333333333
35087381	zone,2,0.5666666666666667
